   722.881104       617.803040       302.470642       468.582916       854.071228       588.013000       884.335022       147.626144       650.562500       495.098663       561.685730       136.136810       587.603516       782.770630       275.026825       728.008667       234.833908       544.205261       157.299835       752.660828       886.499817       270.406067       672.724304       866.486633    
   835.734253       276.250031       983.744263       979.403503       717.443298       504.385895       703.723328       114.204292       170.110062       418.574432       529.604797       138.030350       852.496338       984.487793       597.830444       859.082397       787.380188       388.378906       755.324463       103.921638       649.911072       559.700012       713.745056       684.322571    
   499.113861       843.976501       955.163757       781.842285       320.306061       657.041321       259.210144       827.490784       214.208694       490.455658       82.9171219       509.658875       2.73139119       826.124817       385.798340       413.850891       177.434036       255.538254       970.118774       979.214111       705.945618       487.311371       26.8189087       511.353699    
   224.498505       669.297852       748.177490       684.511292       980.091064       827.425659       144.144730       327.490387       202.815292       988.377258       98.2531891       111.653801       975.816833       579.660706       324.075562       167.290421       390.553711       222.967422       513.436340       578.378906       249.746307       336.587158       121.194344       201.409973    
   784.576172       543.275513       230.487534       431.032837       543.515320       758.755371       644.419128       717.653564       565.350403       385.895569       280.497101       181.438324       58.3770638       476.900391       200.579071       160.855392       158.506042       440.406738       857.221313       500.888763       123.375000       850.313354       998.906372       848.014771    
   654.410767       114.160225       545.965271       770.546082       463.993042       808.635986       573.473755       449.714203       219.147369       695.757996       431.026703       687.610779       105.411812       862.954651       702.938660       406.309875       411.123535       121.987366       302.030426       746.021790       839.152161       791.687500       751.992432       22.6647491    
   883.843140       501.889252       840.175720       218.469559       121.223106       59.0308113       240.207962       624.677673       80.8961639       997.202454       906.459045       854.078369       698.870667       762.018738       514.589172       352.234650       472.761169       398.702820       201.140228       69.3118591       931.861755       308.735687       852.590027       350.608582    
   42.5873260       967.272766       747.765930       714.759705       216.065308       750.972168       254.498840       694.033691       44.9629974       343.918152       900.499084       561.682739       697.603699       873.341309       752.464661       977.911011       277.101776       913.164673       176.725281       230.565369       837.351929       221.564240       321.324158       810.950256    
   899.172546       490.988159       128.683502       905.539124       837.165405       165.700089       488.038666       249.208969       871.672546       86.4524307       816.907776       318.764069       87.1790619       756.759521       608.810791       219.642593       922.138855       526.325623       155.509735       91.2162170       771.648743       510.786041       28.8906593       431.626984    
   71.6621017       528.163879       47.9487038       439.887848       315.267059       301.896759       534.528320       513.992004       668.394287       554.155090       413.755310       113.677559       148.050827       775.966675       804.200867       492.325470       708.968689       598.832520       806.058472       293.161072       267.101257       388.862885       707.929260       43.8951149    
   836.433533       459.351349       780.918518       137.388870       524.396545       371.282806       842.706543       958.399170       846.284546       653.913391       479.613922       939.853149       647.126587       782.329895       838.496094       848.670959       461.022308       457.784821       554.870544       528.283691       589.972900       35.4069099       981.555420       168.950058    
   243.452637       807.532166       994.139221       841.846863       514.571838       126.536011       350.267914       764.814575       737.378296       889.458008       114.066917       331.046844       710.430298       336.438354       882.026062       877.363037       695.027100       250.093155       822.898071       595.031555       378.448914       689.352966       578.112976       631.677307    
   451.957092       987.532227       999.684143       168.284760       152.196594       106.090805       500.930267       43.2835274       596.477417       384.689789       115.116402       121.216431       426.698151       500.293610       203.519943       998.671509       731.905212       9.81224918       97.8932343       824.844666       233.267044       86.7805252       40.5835762       474.013367    
   754.795593       135.897614       803.580322       479.797485       555.119080       208.829346       856.818420       907.391968       469.345306       267.155792       522.604675       693.467407       234.533630       985.733398       849.433533       108.434021       386.810669       714.389832       803.821289       649.268250       184.878891       89.6254654       982.889038       339.132538    
   802.995239       536.974976       959.656006       193.117783       903.506775       464.736481       859.393311       398.029358       330.835236       442.625153       827.787842       905.271912       396.154999       921.303833       690.444641       632.305359       591.790527       991.054993       493.164124       613.671326       867.417175       274.953278       132.216553       509.306305    
   601.328979       22.7024403       51.6350784       955.629028       495.189240       678.732666       695.541992       840.512085       34.4674072       288.319275       8.16410255       615.692566       505.710419       388.844421       735.555176       635.171021       356.036224       373.194305       660.877014       581.400208       412.888062       123.556259       319.399780       493.326843    
   159.502945       304.941467       102.767532       348.561188       759.149292       355.544403       165.158646       142.926025       625.338135       488.651367       788.439087       556.600952       15.6821394       930.288452       515.059875       500.999573       236.572739       425.146820       217.256577       548.583801       41.6262703       699.239075       57.4388733       135.109192    
   407.353455       665.500793       838.497742       527.686890       732.538940       618.758606       16.1509972       642.678223       427.007599       797.831055       458.957458       905.089417       184.131790       619.806213       37.3592148       730.805298       168.376755       813.447449       52.2993011       785.864563       742.550598       369.164062       373.239624       233.380112    
   538.385315       171.745819       184.189423       935.179199       629.329773       38.6355629       393.912964       691.866882       342.378204       942.083252       649.431396       489.239258       642.497253       942.001770       525.975525       123.599548       435.920197       440.954437       954.336975       544.605530       556.551453       621.786194       125.853325       802.129089    
   281.345734       465.533295       4.35292149       384.176910       661.292969       830.601196       465.021942       226.014389       199.017929       881.016968       431.857086       879.085876       696.466309       68.2372437       597.960510       979.927185       802.659241       303.064545       507.363403       601.488831       670.565308       16.6241417       145.402206       356.820862    
   918.614807       584.492493       504.850708       499.629822       281.765808       467.318817       531.115601       88.8188705       329.148712       682.157410       680.870544       68.2221832       591.177917       573.423279       726.337524       8.66374397       736.792603       49.6094742       805.428650       711.522217       971.814453       669.613586       518.593567       864.809265    
   924.718506       353.256714       305.507843       447.713989       664.506897       968.418152       961.127136       554.290161       740.384644       757.600159       101.250565       333.166718       268.858551       439.615265       995.031616       533.279175       706.465576       724.453979       947.821716       987.612244       594.399536       580.271240       719.846802       568.323364    
   480.620697       939.486084       456.477936       59.5536156       288.832336       850.978943       3.41371775       963.379028       278.728302       724.934814       326.707031       119.264549       837.821411       68.8013153       787.165405       216.502258       422.813385       711.940247       164.516998       245.633408       160.360443       412.913422       779.093201       53.0801773    
   848.100586       373.872345       950.383972       18.1877956       862.651428       109.038582       12.6713638       268.933441       978.136475       613.045227       141.079773       864.585571       75.7421875       74.9411240       920.287537       336.840027       728.790100       488.925232       480.410980       531.301392       321.795044       320.261200       481.237061       444.752502    
