   907.818237       342.252502       668.093018       955.205994       357.054108       207.443253       905.357178       733.038391       157.853836       18.2894974       458.077667       961.124084       775.743835       226.843140       999.440613       257.087250       61.9792404       765.906128       294.007812       237.701950       380.484283       207.078003       412.694183       581.250916       741.520996       576.503540       585.670410       261.300903       70.2846451       5.51107264       373.346344       90.4811325       369.651489       262.291443       416.623413    
   745.047607       579.708740       14.4733753       797.642944       993.988159       900.709961       836.087341       390.207703       75.8721695       151.214691       868.799683       768.356323       753.630737       235.160873       347.289185       54.7653618       885.927246       578.109375       184.973572       701.609924       901.020752       408.230194       25.4138832       440.611206       679.224365       746.162781       174.336380       359.256439       415.597046       154.262024       277.598022       93.5636597       949.933655       94.5310287       718.081238    
   981.561157       528.295532       114.996956       712.777588       638.773865       70.3965912       904.125183       43.8114548       742.947998       255.945663       774.760803       884.997437       780.431274       8.47337914       824.148926       928.945190       528.023193       176.169662       753.202942       734.152893       182.955643       901.161804       618.150757       512.079102       182.182343       693.182800       218.058823       215.848099       107.832611       791.177307       618.141602       61.2272491       2.49344921       117.129738       265.690338    
   899.870422       904.694275       493.887573       464.931976       114.199173       996.161499       501.149872       177.630661       190.603561       774.347656       264.731659       112.323860       54.8321686       777.306763       915.051697       675.048157       898.236389       421.235779       243.881714       545.024841       694.242065       607.293335       849.941162       667.452637       994.294739       779.058350       874.316223       506.696259       240.757507       481.483459       104.640045       354.045105       849.129211       246.752975       880.023315    
   399.505310       400.764740       88.0279312       621.975525       572.909912       663.263062       352.424957       322.686066       226.214767       965.129761       798.197083       743.768311       491.631592       687.208374       178.780411       737.391846       268.121002       414.966003       716.265564       930.522339       619.485352       480.437897       413.059784       781.509888       267.185730       701.148621       662.479858       233.800507       696.973022       218.838501       409.350708       87.2293777       907.716370       88.3577576       484.366516    
   853.822632       578.176025       665.764404       344.371429       222.695053       64.3302002       569.193115       501.921173       690.142273       796.282471       930.243774       533.106934       374.807617       985.186340       358.908020       566.077026       974.202759       320.028168       783.497070       427.109436       586.466431       514.889099       532.917786       159.669601       418.127533       823.330566       521.498657       786.918335       151.287506       645.503296       562.890320       420.665955       157.680984       341.698090       834.939880    
   456.475677       38.4831848       819.196716       780.489868       923.161316       265.829651       624.512878       193.896164       248.619781       46.6316261       850.111328       513.027283       505.052887       171.511932       17.5202942       92.8487625       98.7072144       608.149170       129.584061       983.578064       841.017151       210.343506       996.243530       209.637421       342.989075       687.765503       879.422974       679.016113       243.312698       985.380981       417.631927       835.407593       346.474854       447.424896       374.958344    
   385.976257       317.431152       996.057922       748.792603       184.248016       950.433105       911.430298       395.740875       64.8119202       989.192688       821.504883       763.246948       812.330933       939.268311       746.871094       754.544373       250.605957       511.330353       970.785583       364.949829       682.432800       498.120331       736.550171       752.880493       567.924988       713.402039       126.481468       881.683167       817.901184       184.293869       826.811340       336.755798       322.482605       453.478577       406.589478    
   432.199158       112.533638       241.835571       439.812531       207.186249       131.152542       345.360352       136.571075       413.540771       782.950195       204.676132       222.184525       140.037842       108.374657       579.043030       705.010925       980.128723       531.084412       608.404724       727.313965       382.506683       357.255524       137.791092       426.203156       604.329407       321.207336       91.5469284       556.455139       390.933258       157.736832       249.106674       463.881592       427.244537       845.039429       755.047302    
   878.688843       134.581085       763.509521       637.617004       647.677734       79.9859619       633.463806       573.248596       134.633713       163.665741       191.534546       307.568542       471.717224       98.7571182       973.285950       173.444641       395.641724       547.911804       143.870407       373.205444       145.847778       779.842407       126.546730       370.161255       306.133484       364.344543       174.573135       401.260803       305.932587       566.803162       197.358231       641.355774       230.441513       575.611633       650.010803    
   400.371979       56.4773407       367.560394       698.053162       661.683899       176.601837       548.812622       215.912338       202.161484       107.680954       453.359497       95.8223801       630.999512       512.703735       391.942200       826.158264       263.360199       523.750183       409.893890       893.815308       731.631287       639.605408       829.208008       601.756592       414.795044       826.977417       898.224426       832.228516       409.012512       636.686035       808.387634       258.486145       598.799011       853.515381       474.883911    
   666.582886       982.608643       594.671753       70.0230637       101.161308       281.823029       661.441162       498.501251       57.0582619       738.473999       209.493683       305.339172       564.553711       87.6033173       752.411560       292.243713       852.325745       262.182526       720.718140       457.003418       412.563995       583.897583       148.357544       278.931000       625.122314       299.825897       77.4753647       597.106567       367.942505       638.146240       559.459839       601.688904       764.795959       302.761414       548.564453    
   419.332001       897.924377       899.214783       590.044128       986.670593       471.763336       220.937943       499.686005       371.507996       777.353333       279.151917       150.063034       78.4132538       118.521187       620.696838       611.276672       926.937134       785.113037       74.1860352       327.835938       477.058838       12.3396978       276.409637       87.9707718       78.6011200       577.042175       46.0047379       872.587341       504.095642       970.826965       666.278442       250.456985       796.905762       562.805542       497.803436    
   569.518250       399.827972       619.179504       240.789490       79.3353729       195.859543       673.694031       962.684021       672.081299       614.674988       692.541626       864.080139       155.066711       364.018555       329.887390       595.802673       29.2948494       58.9036217       999.505493       604.017212       260.472626       889.939575       948.123474       575.379395       368.092804       505.727386       650.156433       961.148499       80.6011200       816.785950       414.978149       484.563721       386.713776       664.423645       979.862793    
   988.464233       447.909180       713.507141       931.400635       494.961731       840.112915       12.6911926       831.519958       614.155151       184.961487       314.087402       541.588379       96.4158630       899.726807       926.181641       395.188751       515.740784       878.815430       780.095276       765.190369       279.350189       886.038086       144.497177       408.387634       38.6125755       802.765930       323.731567       768.154297       807.375732       8.23775864       330.413452       325.903168       765.562927       289.725983       215.497375    
   682.336182       807.638733       162.607803       857.633179       222.046967       459.632385       300.789398       759.152710       999.446289       494.428070       182.158691       446.197357       426.185699       310.000000       914.241760       920.030090       272.069519       569.432739       692.681885       687.179443       677.294434       496.767059       865.321594       413.051025       303.620453       731.259094       444.698029       98.7627716       782.760132       622.745605       136.664078       919.413452       504.256165       280.734680       659.674011    
   872.010498       667.718323       410.756042       829.456604       995.415527       291.040619       392.203186       194.849594       110.622177       88.1127243       131.105621       108.896149       384.946777       142.840042       813.040039       742.685059       223.063522       424.891205       873.394531       593.442627       758.337524       858.952515       786.159485       788.807068       691.435181       402.517151       798.099121       501.983612       971.990540       64.6194077       186.006378       98.2026901       413.840485       733.222473       850.620911    
   725.436401       299.429016       73.7746353       148.487411       84.4199829       704.421936       70.7020569       372.736816       242.605423       500.495361       158.790787       621.204651       90.8122025       151.068680       100.928368       117.616760       165.094757       212.471832       304.418945       711.838806       190.542099       573.369385       50.6038780       260.877075       709.237366       199.097946       358.524811       28.0297565       503.224854       266.125732       520.860168       215.992249       633.958923       395.055786       274.796204    
   759.504028       501.820099       128.645691       711.725342       421.278839       859.289246       112.400375       578.622253       647.083862       659.352783       58.8709297       92.2991028       360.020691       928.892395       262.879913       613.083801       372.847626       578.117126       140.302353       594.621887       680.977417       496.540619       524.428101       164.476624       778.753235       638.159119       337.466400       492.818695       115.951996       582.896545       381.908722       384.283630       47.1168594       149.244232       747.950256    
   79.9680405       699.190796       308.531250       70.8116760       892.886047       786.713745       326.343018       539.243286       879.051453       518.378174       962.909485       950.823486       164.777145       567.209045       990.412537       93.2195435       772.978760       615.950012       74.1484604       84.3476944       698.711182       673.273499       537.238770       381.121246       724.971252       585.682739       242.637054       427.858337       58.3462219       569.739502       961.373657       682.041443       598.605713       463.619293       89.4814911    
   156.352768       745.115479       241.739288       181.848892       14.4461040       558.919312       238.468124       191.912354       857.482361       621.185913       362.724792       98.8609009       629.777161       480.298523       71.7108078       109.441223       942.999512       271.268341       641.227295       125.094185       321.154633       80.5509796       486.078552       896.175720       140.649017       922.274353       733.165161       975.145874       923.062622       227.838074       975.135315       769.642761       744.197876       768.194458       877.630371    
   212.256454       752.396851       49.0961952       173.690979       289.822632       587.080017       102.843399       426.991302       867.457642       708.027405       287.039001       552.414612       703.644409       762.780518       70.8554459       269.936249       4.24264431       11.6501665       681.667358       779.148743       968.540344       428.492950       905.086792       99.4147949       903.903503       763.822815       441.848206       396.425201       44.9941978       35.9561539       577.302368       235.635986       396.609985       124.524933       505.435394    
   255.725220       415.822845       69.9454193       775.295471       324.945923       683.280212       831.581909       793.112854       476.658630       352.503235       477.715851       858.837219       690.968994       774.582642       457.717499       161.830795       733.976685       641.313965       852.774231       336.469086       850.539734       221.397385       336.237213       912.385254       255.503540       342.632477       874.968445       556.882751       74.4199905       49.1241837       406.069977       643.841370       193.786652       830.047729       774.669678    
   789.520325       609.792358       606.179138       39.9341812       971.200684       196.387756       510.004883       446.115540       513.210693       376.092499       828.792297       551.442017       736.522583       90.0831299       24.1920185       444.158295       802.316589       662.979675       910.481567       981.456116       133.469666       158.994553       597.819458       597.410156       56.7811966       609.044800       316.960083       282.767365       432.899231       608.750977       799.881042       504.113739       675.806702       656.547668       671.104492    
   381.637268       150.667358       608.896118       216.397278       472.102539       673.686523       585.051636       489.199188       263.165192       420.602539       367.455780       18.2241173       558.476257       299.816132       277.064514       563.163147       225.840042       247.175446       63.9916840       631.794678       610.298706       10.3941231       136.598770       276.265045       60.3961182       166.302277       795.613159       684.479126       408.119568       129.559464       738.390930       36.3573074       664.758240       306.977600       186.936951    
   126.982956       571.478088       674.093567       531.287048       514.737549       506.298309       73.2274170       36.2386971       298.632721       262.883911       152.137405       888.309387       647.926575       898.451294       946.885437       80.3091736       566.935974       911.511841       166.511505       334.756622       790.217896       385.598267       229.819321       564.314087       583.860229       219.796524       752.138550       67.2341537       666.345337       259.122284       258.095886       225.747452       302.205780       858.821777       24.5650101    
   884.165039       260.408966       371.093506       597.962952       744.843933       830.749939       470.567352       757.913269       701.758789       529.807373       829.242615       494.420319       102.370193       729.561707       251.270844       309.327240       311.915680       837.811951       656.906860       834.453735       970.864807       751.814331       774.658081       604.338684       132.197968       447.796753       452.908081       220.630569       284.855072       338.884155       139.496170       51.8126411       563.739868       141.870163       380.331390    
   160.623932       638.560730       307.999054       999.223206       938.590210       820.966858       865.736816       309.031616       854.670593       468.230988       42.3640938       452.167694       990.773193       97.7456818       881.861267       508.408112       951.954590       491.098907       330.324677       65.2660065       893.305908       322.841492       36.4793777       675.245972       602.506042       338.502533       171.689972       504.637360       547.548401       543.709839       812.608459       878.932129       839.282837       894.526245       780.303284    
   725.203308       826.481018       758.323120       866.867493       363.353424       25.6091919       996.457886       257.485138       793.820923       574.088745       518.837524       850.898376       68.4485703       70.2464752       99.2629547       172.476730       902.304626       943.613586       798.861023       717.060547       397.388824       402.147247       200.170776       518.442749       549.714294       703.407898       977.877319       161.274765       404.185364       881.428589       11.2580624       843.034485       338.583344       513.403442       816.855225    
   693.934814       552.787964       195.648514       988.325684       419.117126       454.719574       468.652863       215.390366       376.880920       763.293030       694.487488       971.027588       917.711609       248.022903       694.932434       321.927826       749.272949       243.567734       815.390808       904.870605       957.749756       822.045837       162.200638       681.792908       693.347839       703.777283       85.1122513       437.361603       557.493347       673.657959       783.680969       878.503113       600.809387       871.855164       357.751129    
   345.797638       708.938904       922.449829       733.290894       302.803070       612.496155       104.102829       945.172668       217.168259       77.9985809       50.8540268       855.749634       896.236328       1.28760254       269.016693       930.843811       502.884949       336.631622       428.405914       420.863281       868.068665       409.700134       845.870056       125.337967       654.318909       250.469604       814.857788       343.861603       290.798431       60.2567215       466.217834       526.629883       732.063843       205.836731       388.882111    
   235.459900       769.083313       716.158752       357.518951       300.095215       105.478798       552.812317       271.211761       150.134064       636.295349       31.1147251       805.209106       925.060852       376.078308       221.041611       406.716278       403.768188       689.312744       915.638306       606.324097       505.429077       257.894928       599.742493       907.273010       125.200058       548.448608       440.017487       461.719025       680.428467       522.463623       611.099609       48.2759018       90.8544159       425.356293       739.698975    
   927.963135       318.105927       914.295898       753.554565       897.653748       33.9778900       437.418640       180.388962       867.951538       927.806030       435.099182       669.618408       46.2011147       685.869019       532.307800       136.232742       291.152740       399.254730       773.036804       690.764709       902.083496       259.383850       799.744873       346.178619       960.885193       374.042877       113.716858       788.742432       150.693130       944.696289       578.454346       270.062836       67.6800842       448.192963       93.6361847    
   7.81409645       941.335510       853.407715       473.886475       42.1636658       356.509491       609.370544       912.614807       403.285706       618.185059       924.048523       567.454895       853.848450       247.146454       324.491882       552.824402       681.913269       173.859436       292.164825       978.617249       621.814026       232.328674       776.710938       229.611755       888.133240       683.011414       462.920776       478.842102       889.994751       729.485718       149.617508       296.514221       345.418884       197.978867       637.558350    
   266.413513       429.569824       887.514160       384.245331       465.901459       839.967712       555.948608       119.843620       259.542725       912.644348       745.765381       403.397705       599.242188       883.302368       506.219299       478.437561       207.235733       430.125977       375.650909       28.3351631       756.376038       368.951385       644.701172       288.742828       258.680634       697.448547       854.872498       221.057861       908.977417       433.127594       551.239441       772.833557       755.183533       250.768219       134.401794    
